File: 2mm-swv-50hz
Potential/V, Diff(i/A), For(i/A), Rev(i/A)
0.496, -1.051e-6, 2.259e-6, 3.310e-6
0.492, -1.056e-6, 2.212e-6, 3.269e-6
0.488, -1.060e-6, 2.172e-6, 3.231e-6
0.484, -1.060e-6, 2.137e-6, 3.198e-6
0.480, -1.055e-6, 2.114e-6, 3.169e-6
0.476, -1.053e-6, 2.089e-6, 3.142e-6
0.472, -1.053e-6, 2.066e-6, 3.118e-6
0.468, -1.053e-6, 2.043e-6, 3.096e-6
0.464, -1.055e-6, 2.020e-6, 3.075e-6
0.460, -1.059e-6, 1.997e-6, 3.056e-6
0.456, -1.064e-6, 1.973e-6, 3.037e-6
0.452, -1.073e-6, 1.948e-6, 3.021e-6
0.448, -1.083e-6, 1.923e-6, 3.006e-6
0.444, -1.093e-6, 1.898e-6, 2.991e-6
0.440, -1.104e-6, 1.871e-6, 2.976e-6
0.436, -1.117e-6, 1.844e-6, 2.961e-6
0.432, -1.131e-6, 1.816e-6, 2.947e-6
0.428, -1.147e-6, 1.787e-6, 2.934e-6
0.424, -1.164e-6, 1.758e-6, 2.922e-6
0.420, -1.184e-6, 1.726e-6, 2.910e-6
0.416, -1.207e-6, 1.693e-6, 2.899e-6
0.412, -1.232e-6, 1.658e-6, 2.890e-6
0.408, -1.259e-6, 1.622e-6, 2.882e-6
0.404, -1.289e-6, 1.585e-6, 2.874e-6
0.400, -1.322e-6, 1.545e-6, 2.867e-6
0.396, -1.359e-6, 1.502e-6, 2.861e-6
0.392, -1.400e-6, 1.456e-6, 2.856e-6
0.388, -1.448e-6, 1.405e-6, 2.853e-6
0.384, -1.500e-6, 1.350e-6, 2.850e-6
0.380, -1.557e-6, 1.290e-6, 2.848e-6
0.376, -1.623e-6, 1.225e-6, 2.848e-6
0.372, -1.696e-6, 1.155e-6, 2.851e-6
0.368, -1.777e-6, 1.079e-6, 2.855e-6
0.364, -1.870e-6, 9.929e-7, 2.863e-6
0.360, -1.974e-6, 8.982e-7, 2.872e-6
0.356, -2.089e-6, 7.939e-7, 2.883e-6
0.352, -2.215e-6, 6.809e-7, 2.896e-6
0.348, -2.355e-6, 5.584e-7, 2.913e-6
0.344, -2.508e-6, 4.241e-7, 2.932e-6
0.340, -2.681e-6, 2.731e-7, 2.954e-6
0.336, -2.876e-6, 1.038e-7, 2.980e-6
0.332, -3.094e-6, -8.369e-8, 3.010e-6
0.328, -3.335e-6, -2.919e-7, 3.043e-6
0.324, -3.604e-6, -5.225e-7, 3.082e-6
0.320, -3.901e-6, -7.776e-7, 3.123e-6
0.316, -4.226e-6, -1.058e-6, 3.168e-6
0.312, -4.587e-6, -1.369e-6, 3.218e-6
0.308, -4.984e-6, -1.711e-6, 3.273e-6
0.304, -5.423e-6, -2.093e-6, 3.330e-6
0.300, -5.907e-6, -2.514e-6, 3.393e-6
0.296, -6.434e-6, -2.977e-6, 3.458e-6
0.292, -7.009e-6, -3.484e-6, 3.525e-6
0.288, -7.635e-6, -4.042e-6, 3.593e-6
0.284, -8.314e-6, -4.653e-6, 3.661e-6
0.280, -9.052e-6, -5.325e-6, 3.727e-6
0.276, -9.844e-6, -6.053e-6, 3.791e-6
0.272, -1.070e-5, -6.847e-6, 3.850e-6
0.268, -1.161e-5, -7.705e-6, 3.902e-6
0.264, -1.258e-5, -8.634e-6, 3.942e-6
0.260, -1.361e-5, -9.637e-6, 3.970e-6
0.256, -1.469e-5, -1.072e-5, 3.979e-6
0.252, -1.583e-5, -1.187e-5, 3.967e-6
0.248, -1.703e-5, -1.310e-5, 3.932e-6
0.244, -1.826e-5, -1.440e-5, 3.868e-6
0.240, -1.954e-5, -1.577e-5, 3.765e-6
0.236, -2.083e-5, -1.721e-5, 3.624e-6
0.232, -2.215e-5, -1.872e-5, 3.434e-6
0.228, -2.347e-5, -2.027e-5, 3.196e-6
0.224, -2.479e-5, -2.188e-5, 2.903e-6
0.220, -2.609e-5, -2.353e-5, 2.559e-6
0.216, -2.736e-5, -2.521e-5, 2.147e-6
0.212, -2.859e-5, -2.692e-5, 1.671e-6
0.208, -2.976e-5, -2.863e-5, 1.130e-6
0.204, -3.085e-5, -3.032e-5, 5.232e-7
0.200, -3.185e-5, -3.199e-5, -1.473e-7
0.196, -3.274e-5, -3.362e-5, -8.726e-7
0.192, -3.351e-5, -3.517e-5, -1.664e-6
0.188, -3.415e-5, -3.665e-5, -2.506e-6
0.184, -3.466e-5, -3.805e-5, -3.388e-6
0.180, -3.502e-5, -3.933e-5, -4.310e-6
0.176, -3.523e-5, -4.050e-5, -5.267e-6
0.172, -3.529e-5, -4.153e-5, -6.247e-6
0.168, -3.518e-5, -4.243e-5, -7.247e-6
0.164, -3.491e-5, -4.317e-5, -8.255e-6
0.160, -3.450e-5, -4.376e-5, -9.260e-6
0.156, -3.396e-5, -4.420e-5, -1.025e-5
0.152, -3.328e-5, -4.449e-5, -1.121e-5
0.148, -3.249e-5, -4.464e-5, -1.214e-5
0.144, -3.162e-5, -4.464e-5, -1.303e-5
0.140, -3.064e-5, -4.451e-5, -1.387e-5
0.136, -2.960e-5, -4.427e-5, -1.467e-5
0.132, -2.850e-5, -4.391e-5, -1.541e-5
0.128, -2.736e-5, -4.345e-5, -1.609e-5
0.124, -2.619e-5, -4.291e-5, -1.672e-5
0.120, -2.502e-5, -4.230e-5, -1.728e-5
0.116, -2.384e-5, -4.162e-5, -1.778e-5
0.112, -2.267e-5, -4.090e-5, -1.823e-5
0.108, -2.152e-5, -4.014e-5, -1.862e-5
0.104, -2.040e-5, -3.936e-5, -1.896e-5
0.100, -1.931e-5, -3.855e-5, -1.924e-5
0.096, -1.826e-5, -3.773e-5, -1.947e-5
0.092, -1.725e-5, -3.691e-5, -1.966e-5
0.088, -1.628e-5, -3.609e-5, -1.981e-5
0.084, -1.536e-5, -3.528e-5, -1.992e-5
0.080, -1.449e-5, -3.449e-5, -1.999e-5
0.076, -1.367e-5, -3.370e-5, -2.003e-5
0.072, -1.289e-5, -3.294e-5, -2.005e-5
0.068, -1.216e-5, -3.219e-5, -2.004e-5
0.064, -1.147e-5, -3.147e-5, -2.000e-5
0.060, -1.083e-5, -3.078e-5, -1.995e-5
0.056, -1.023e-5, -3.010e-5, -1.988e-5
0.052, -9.662e-6, -2.946e-5, -1.979e-5
0.048, -9.132e-6, -2.883e-5, -1.970e-5
0.044, -8.640e-6, -2.823e-5, -1.959e-5
0.040, -8.184e-6, -2.765e-5, -1.947e-5
0.036, -7.756e-6, -2.710e-5, -1.935e-5
0.032, -7.359e-6, -2.657e-5, -1.921e-5
0.028, -6.989e-6, -2.606e-5, -1.907e-5
0.024, -6.644e-6, -2.558e-5, -1.893e-5
0.020, -6.323e-6, -2.511e-5, -1.879e-5
0.016, -6.023e-6, -2.466e-5, -1.864e-5
0.012, -5.741e-6, -2.423e-5, -1.849e-5
0.008, -5.477e-6, -2.382e-5, -1.834e-5
0.004, -5.232e-6, -2.342e-5, -1.819e-5
-0.000, -5.004e-6, -2.305e-5, -1.804e-5
-0.004, -4.793e-6, -2.269e-5, -1.789e-5
-0.008, -4.596e-6, -2.234e-5, -1.774e-5
-0.012, -4.411e-6, -2.200e-5, -1.759e-5
-0.016, -4.237e-6, -2.168e-5, -1.744e-5
-0.020, -4.074e-6, -2.137e-5, -1.730e-5
-0.024, -3.921e-6, -2.107e-5, -1.715e-5
-0.028, -3.777e-6, -2.079e-5, -1.701e-5
-0.032, -3.644e-6, -2.052e-5, -1.687e-5
-0.036, -3.517e-6, -2.025e-5, -1.673e-5
-0.040, -3.398e-6, -1.999e-5, -1.659e-5
-0.044, -3.288e-6, -1.975e-5, -1.646e-5
-0.048, -3.188e-6, -1.951e-5, -1.632e-5
-0.052, -3.091e-6, -1.928e-5, -1.619e-5
-0.056, -3.002e-6, -1.906e-5, -1.606e-5
-0.060, -2.918e-6, -1.885e-5, -1.593e-5
-0.064, -2.838e-6, -1.864e-5, -1.580e-5
-0.068, -2.763e-6, -1.844e-5, -1.568e-5
-0.072, -2.694e-6, -1.825e-5, -1.556e-5
-0.076, -2.627e-6, -1.806e-5, -1.544e-5
-0.080, -2.566e-6, -1.788e-5, -1.532e-5
-0.084, -2.509e-6, -1.771e-5, -1.520e-5
-0.088, -2.454e-6, -1.754e-5, -1.509e-5
-0.092, -2.401e-6, -1.738e-5, -1.498e-5
-0.096, -2.351e-6, -1.722e-5, -1.487e-5
-0.100, -2.306e-6, -1.707e-5, -1.476e-5
-0.104, -2.267e-6, -1.692e-5, -1.465e-5
-0.108, -2.230e-6, -1.678e-5, -1.455e-5
-0.112, -2.195e-6, -1.664e-5, -1.445e-5
-0.116, -2.162e-6, -1.650e-5, -1.434e-5
-0.120, -2.130e-6, -1.637e-5, -1.424e-5
-0.124, -2.101e-6, -1.624e-5, -1.414e-5
-0.128, -2.075e-6, -1.612e-5, -1.405e-5
-0.132, -2.052e-6, -1.600e-5, -1.395e-5
-0.136, -2.030e-6, -1.588e-5, -1.385e-5
-0.140, -2.010e-6, -1.577e-5, -1.376e-5
-0.144, -1.989e-6, -1.566e-5, -1.367e-5
-0.148, -1.970e-6, -1.555e-5, -1.358e-5
-0.152, -1.955e-6, -1.545e-5, -1.350e-5
-0.156, -1.942e-6, -1.535e-5, -1.341e-5
-0.160, -1.931e-6, -1.525e-5, -1.332e-5
-0.164, -1.922e-6, -1.516e-5, -1.324e-5
-0.168, -1.914e-6, -1.507e-5, -1.315e-5
-0.172, -1.904e-6, -1.498e-5, -1.308e-5
-0.176, -1.894e-6, -1.489e-5, -1.300e-5
-0.180, -1.888e-6, -1.481e-5, -1.292e-5
-0.184, -1.884e-6, -1.473e-5, -1.285e-5
-0.188, -1.881e-6, -1.465e-5, -1.277e-5
-0.192, -1.879e-6, -1.457e-5, -1.269e-5
-0.196, -1.879e-6, -1.450e-5, -1.262e-5
-0.200, -1.879e-6, -1.443e-5, -1.255e-5
